0 0.00
1 0.00
2 0.00
3 0.00
4 0.00
5 0.00
6 0.00
7 0.00
8 0.00
9 0.00
10 0.00
11 0.00
12 0.00
13 0.00
14 0.00
15 0.00
16 0.00
17 0.00
18 0.00
19 0.01
20 0.01
21 0.01
22 0.01
23 0.01
24 0.01
25 0.01
26 0.01
27 0.02
28 0.02
29 0.02
30 0.02
31 0.03
32 0.03
33 0.03
34 0.04
35 0.04
36 0.05
37 0.05
38 0.06
39 0.07
40 0.07
41 0.08
42 0.09
43 0.10
44 0.11
45 0.12
46 0.13
47 0.15
48 0.16
49 0.17
50 0.19
51 0.21
52 0.22
53 0.24
54 0.26
55 0.29
56 0.31
57 0.33
58 0.36
59 0.39
60 0.41
61 0.44
62 0.47
63 0.51
64 0.54
65 0.57
66 0.61
67 0.65
68 0.68
69 0.72
70 0.76
71 0.80
72 0.84
73 0.88
74 0.92
75 0.97
76 1.01
77 1.05
78 1.09
79 1.13
80 1.17
81 1.22
82 1.25
83 1.29
84 1.33
85 1.37
86 1.40
87 1.44
88 1.47
89 1.50
90 1.52
91 1.55
92 1.57
93 1.59
94 1.61
95 1.63
96 1.64
97 1.65
98 1.66
99 1.66
100 1.66
101 1.66
102 1.66
103 1.65
104 1.64
105 1.63
106 1.61
107 1.59
108 1.57
109 1.55
110 1.52
111 1.50
112 1.47
113 1.44
114 1.40
115 1.37
116 1.33
117 1.29
118 1.25
119 1.22
120 1.17
121 1.13
122 1.09
123 1.05
124 1.01
125 0.97
126 0.92
127 0.88
128 0.84
129 0.80
130 0.76
131 0.72
132 0.68
133 0.65
134 0.61
135 0.57
136 0.54
137 0.51
138 0.47
139 0.44
140 0.41
141 0.39
142 0.36
143 0.33
144 0.31
145 0.29
146 0.26
147 0.24
148 0.22
149 0.21
150 0.19
151 0.17
152 0.16
153 0.15
154 0.13
155 0.12
156 0.11
157 0.10
158 0.09
159 0.08
160 0.07
161 0.07
162 0.06
163 0.05
164 0.05
165 0.04
166 0.04
167 0.03
168 0.03
169 0.03
170 0.02
171 0.02
172 0.02
173 0.02
174 0.01
175 0.01
176 0.01
177 0.01
178 0.01
179 0.01
180 0.01
181 0.01
182 0.00
183 0.00
184 0.00
185 0.00
186 0.00
187 0.00
188 0.00
189 0.00
190 0.00
191 0.00
192 0.00
193 0.00
194 0.00
195 0.00
196 0.00
197 0.00
198 0.00
199 0.00
200 0.00
