1961 88.6
1962 91.3
1963 94.1
1964 96.8
1965 99.6
1966 102.4
1967 105.1
1968 107.9
1969 110.7
1970 113.5
1971 116.3
1972 119.2
1973 122.1
1974 125.1
1975 128.1
1976 131.2
1977 134.4
1978 137.7
1979 141.0
1980 144.4
1981 147.8
1982 151.3
1983 154.8
1984 158.2
1985 161.7
1986 165.0
1987 168.4
1988 171.6
1989 174.8
1990 178.0
1991 181.1
1992 184.1
1993 187.1
1994 190.1
1995 193.1
1996 196.2
1997 199.3
1998 202.5
1999 205.6
2000 208.6
2001 211.6
2002 214.5
2003 217.4
2004 220.1
2005 222.7
2006 225.1
2007 227.4
2008 229.6
2009 231.8
2010 234.0
2011 236.1
2050 361.0
